Date,Open,High,Low,Close
2018-01-02,1717.41,1670.96,1719.74,1669.55
2018-01-03,1720.25,1712.28,1740.64,1711.48
2018-01-04,1766.9,1728.67,1781.24,1728.67
2018-01-05,1767.54,1763.91,1777.17,1755.57
2018-01-08,1807.23,1766.33,1826.37,1766.33
2018-01-09,1797.37,1800.58,1806.14,1785.85
2018-01-10,1811.44,1806.76,1831.29,1797.11
2018-01-11,1786.36,1808.18,1812.86,1777.23
2018-01-12,1789.41,1787.11,1805.69,1779.08
2018-01-15,1762.39,1793.39,1794.02,1754.42
2018-01-16,1752.96,1758.64,1773.95,1743.01
2018-01-17,1759.55,1746.58,1774.84,1730.7
2018-01-18,1762.41,1759.81,1766.1,1751.62
2018-01-19,1779.6,1762.65,1781.53,1760.86
2018-01-22,1783.58,1783.32,1799.54,1773.83
2018-01-23,1808.54,1785.92,1809.17,1779.23
2018-01-24,1823.45,1813.85,1824.57,1794.61
2018-01-25,1832.75,1837.42,1862.24,1832.07
2018-01-26,1835.51,1822.04,1840.57,1811.43
2018-01-29,1868.42,1845.52,1893.07,1845.52
2018-01-30,1847.61,1854.67,1875.77,1843.16
2018-01-31,1825.69,1824.02,1837.76,1806.6
2018-02-01,1797.58,1825.26,1850.13,1784.2
2018-02-02,1884.53,1794.1,1887.86,1775.63
2018-02-05,1900.8,1855.02,1920.25,1852.02
2018-02-06,1816.28,1851.51,1870.46,1812.29
2018-02-07,1786.75,1851.1,1884.1,1784.83
2018-02-08,1727.83,1754.26,1763.55,1702.05
2018-02-09,1626.27,1671.46,1681.28,1595.37
2018-02-12,1628.09,1620.89,1636.53,1605.86
2018-02-13,1640.37,1641.55,1664.46,1632.63
2018-02-14,1654.12,1641.4,1655.61,1627.08
2018-02-22,1688.04,1674.34,1690.73,1667.71
2018-02-23,1711.87,1691.71,1716.72,1682.64
2018-02-26,1728.98,1726.36,1733.37,1703.5
2018-02-27,1683.29,1726.41,1726.82,1677.71
2018-02-28,1667.89,1664.52,1680.66,1647.17
2018-03-01,1660.49,1648.47,1669.83,1643.28
2018-03-02,1641.93,1644.01,1652.87,1631.74
2018-03-05,1636.35,1642.7,1653.85,1630.88
2018-03-06,1671.03,1643.89,1671.07,1628.35
2018-03-07,1645.66,1663.24,1667.72,1640.16
2018-03-08,1647.49,1641.48,1649.7,1634.64
2018-03-09,1643.46,1645.17,1649.36,1636.04
2018-03-12,1656.36,1649.67,1663.68,1644.07
2018-03-13,1648.96,1650.33,1660.59,1647.21
2018-03-14,1654.67,1644.4,1663.46,1635.26
2018-03-15,1651.57,1645.87,1652.66,1640.32
2018-03-16,1630.11,1649.14,1652.67,1629.63
2018-03-19,1608.53,1623.81,1623.81,1607.45
2018-03-20,1626.44,1596.44,1629.19,1593.14
2018-03-21,1620.83,1632.67,1640.04,1611.75
2018-03-22,1622.25,1629.53,1634.12,1614.49
2018-03-23,1579.66,1577.5,1581.19,1550.31
2018-03-26,1556.81,1561.01,1567.06,1541.14
2018-03-27,1566.7,1572.2,1575.82,1556.26
2018-03-28,1536.17,1547.96,1555.22,1530.89
2018-03-29,1563.82,1534.0,1570.87,1523.44
2018-03-30,1555.38,1563.79,1563.79,1551.39
2018-04-02,1553.54,1557.92,1574.78,1551.47
2018-04-03,1528.68,1534.87,1536.45,1525.52
2018-04-04,1517.53,1525.21,1532.9,1516.05
2018-04-09,1518.34,1508.15,1524.69,1505.12
2018-04-10,1545.97,1520.42,1546.66,1515.62
2018-04-11,1554.46,1556.27,1570.31,1547.87
2018-04-12,1545.98,1554.2,1555.68,1540.46
2018-04-13,1540.48,1546.4,1552.73,1537.67
2018-04-16,1510.44,1539.74,1540.99,1503.94
2018-04-17,1495.94,1509.27,1516.47,1494.5
2018-04-18,1519.9,1511.79,1520.72,1496.44
2018-04-19,1545.98,1529.5,1546.96,1527.55
2018-04-20,1524.12,1536.2,1538.38,1515.5
2018-04-23,1524.79,1519.86,1529.62,1511.05
2018-04-24,1548.66,1529.55,1559.68,1529.55
2018-04-25,1528.4,1536.14,1540.15,1524.81
2018-04-26,1517.36,1530.64,1532.62,1513.61
2018-04-27,1532.81,1520.86,1536.04,1509.8
2018-05-02,1511.83,1524.99,1527.56,1502.43
2018-05-03,1527.82,1508.62,1532.9,1505.17
2018-05-04,1531.74,1528.11,1534.64,1521.83
2018-05-07,1567.66,1537.54,1570.13,1534.3
2018-05-08,1568.6,1564.78,1576.12,1563.4
2018-05-09,1575.77,1571.14,1591.62,1566.53
2018-05-10,1594.28,1593.48,1601.95,1587.64
2018-05-11,1594.38,1595.94,1604.94,1579.81
2018-05-14,1585.42,1596.04,1602.72,1578.72
2018-05-15,1585.19,1590.91,1591.88,1571.34
2018-05-16,1574.26,1579.34,1583.17,1570.31
2018-05-17,1582.3,1577.48,1589.26,1575.94
2018-05-18,1657.12,1584.18,1657.46,1582.88
2018-05-21,1649.45,1652.68,1656.27,1639.57
2018-05-22,1645.29,1649.18,1652.44,1631.7
2018-05-23,1578.19,1630.65,1630.65,1576.76
2018-05-24,1577.62,1576.47,1587.74,1572.18
2018-05-25,1561.08,1573.52,1576.39,1552.34
2018-05-28,1548.8,1547.11,1557.37,1538.83
2018-05-29,1550.79,1553.27,1565.4,1547.7
2018-05-30,1493.52,1527.34,1531.35,1492.67
2018-05-31,1523.67,1509.49,1525.05,1506.87
2018-06-01,1529.2,1520.94,1545.55,1520.16
2018-06-04,1529.25,1533.36,1544.16,1525.81
2018-06-05,1511.18,1511.18,1511.78,1493.64
2018-06-06,1516.96,1507.81,1518.16,1502.77
2018-06-07,1520.73,1517.86,1529.75,1516.22
2018-06-08,1500.75,1518.83,1522.51,1491.64
2018-06-11,1482.77,1488.11,1492.35,1475.26
2018-06-12,1507.25,1481.87,1508.15,1481.59
2018-06-13,1498.41,1504.22,1504.22,1491.86
2018-06-14,1498.34,1490.14,1508.88,1488.89
2018-06-15,1500.29,1494.15,1510.17,1487.2
2018-06-19,1445.37,1478.89,1478.89,1418.83
2018-06-20,1442.55,1433.07,1447.27,1420.03
2018-06-21,1442.62,1439.24,1472.74,1438.7
2018-06-22,1449.92,1425.79,1452.16,1408.8
2018-06-25,1434.21,1465.26,1467.09,1433.48
2018-06-26,1416.6,1411.83,1421.54,1392.22
2018-06-27,1428.54,1425.56,1447.19,1420.16
2018-06-28,1423.45,1434.59,1446.13,1419.26
2018-06-29,1444.61,1426.05,1445.52,1402.8
2018-07-02,1396.66,1438.38,1441.1,1387.25
2018-07-03,1399.34,1397.85,1399.81,1366.91
2018-07-04,1394.27,1392.91,1407.03,1390.01
2018-07-05,1369.83,1388.06,1391.51,1356.96
2018-07-06,1367.62,1360.63,1376.48,1340.26
2018-07-09,1392.9,1364.16,1393.24,1363.01
2018-07-10,1395.56,1388.97,1396.07,1375.44
2018-07-11,1360.87,1368.78,1370.34,1350.04
2018-07-12,1379.48,1353.5,1381.01,1352.17
2018-07-13,1371.63,1375.63,1377.47,1366.86
2018-07-16,1377.13,1372.93,1382.2,1370.28
2018-07-17,1355.24,1365.15,1365.15,1343.77
2018-07-18,1349.02,1355.44,1360.79,1346.8
2018-07-19,1347.67,1351.82,1360.17,1343.59
2018-07-20,1364.1,1346.43,1365.97,1332.93
2018-07-23,1388.11,1357.75,1390.14,1354.3
2018-07-24,1418.32,1387.14,1421.6,1387.14
2018-07-25,1418.69,1426.44,1430.48,1413.74
2018-07-26,1417.43,1421.83,1430.71,1412.61
2018-07-27,1420.91,1419.55,1428.29,1412.22
2018-07-30,1422.37,1420.75,1434.51,1413.4
2018-07-31,1431.53,1426.02,1441.35,1414.58
2018-08-01,1396.68,1427.62,1438.52,1396.25
2018-08-02,1377.96,1393.99,1393.99,1354.95
2018-08-03,1389.99,1377.55,1410.1,1377.55
2018-08-06,1380.17,1386.07,1401.86,1370.55
2018-08-07,1434.9,1390.16,1435.57,1390.16
2018-08-08,1439.39,1434.14,1456.6,1429.84
2018-08-09,1445.9,1422.33,1449.23,1413.09
2018-08-10,1436.77,1442.6,1445.84,1431.84
2018-08-13,1434.22,1428.56,1435.91,1414.93
2018-08-14,1449.23,1432.46,1455.86,1429.78
2018-08-15,1419.9,1445.95,1446.23,1419.46
2018-08-16,1401.46,1397.73,1418.35,1387.7
2018-08-17,1394.78,1413.33,1416.73,1394.48
2018-08-20,1415.53,1395.83,1415.53,1392.2
2018-08-21,1421.57,1415.57,1427.49,1411.75
2018-08-22,1421.01,1423.93,1435.14,1418.94
2018-08-23,1421.86,1423.85,1431.86,1409.14
2018-08-24,1421.09,1418.12,1426.69,1408.32
2018-08-27,1450.82,1425.67,1450.82,1425.67
2018-08-28,1451.46,1449.6,1461.12,1444.87
2018-08-29,1446.55,1449.82,1458.88,1444.05
2018-08-30,1436.24,1450.58,1460.41,1434.43
2018-08-31,1424.18,1435.43,1435.43,1412.32
2018-09-03,1423.85,1417.18,1426.25,1408.85
2018-09-04,1440.86,1424.53,1445.72,1421.3
2018-09-05,1419.86,1436.21,1439.53,1419.5
2018-09-06,1415.71,1418.85,1430.39,1412.2
2018-09-07,1441.2,1432.71,1453.01,1432.71
2018-09-10,1435.95,1437.04,1445.51,1434.33
2018-09-11,1429.86,1434.72,1441.35,1419.6
2018-09-12,1426.23,1428.65,1437.29,1417.64
2018-09-13,1453.06,1437.64,1453.06,1435.97
2018-09-14,1454.48,1450.83,1458.25,1442.11
2018-09-17,1441.07,1449.87,1449.87,1435.6
2018-09-18,1459.97,1434.74,1460.36,1430.02
2018-09-19,1493.87,1457.76,1497.13,1455.75
2018-09-20,1489.56,1496.25,1497.55,1485.82
2018-09-21,1515.16,1489.8,1515.16,1479.82
2018-09-25,1514.92,1516.7,1531.19,1510.84
2018-09-26,1532.94,1515.74,1541.83,1515.58
2018-09-27,1533.6,1532.42,1540.64,1528.81
2018-09-28,1544.17,1535.78,1544.17,1526.5
2018-10-08,1499.19,1518.54,1538.77,1495.35
2018-10-09,1543.11,1502.23,1547.99,1502.23
2018-10-10,1554.27,1546.02,1562.93,1538.03
2018-10-11,1472.3,1500.71,1513.41,1456.99
2018-10-12,1500.61,1460.64,1502.07,1447.89
2018-10-15,1469.06,1497.52,1498.38,1467.55
2018-10-16,1460.4,1463.32,1493.31,1453.73
2018-10-17,1466.71,1477.01,1480.88,1433.67
2018-10-18,1390.37,1444.22,1444.22,1388.63
2018-10-19,1414.3,1368.58,1416.53,1357.24
2018-10-22,1462.08,1417.27,1477.17,1417.12
2018-10-23,1434.8,1455.77,1469.84,1427.19
2018-10-24,1425.8,1409.66,1439.66,1401.59
2018-10-25,1422.04,1390.42,1422.15,1383.96
2018-10-26,1435.63,1429.41,1449.81,1422.67
2018-10-29,1406.32,1438.64,1440.86,1398.54
2018-10-30,1413.23,1403.64,1423.52,1387.13
2018-10-31,1427.3,1415.17,1433.29,1408.3
2018-11-01,1414.92,1426.7,1433.4,1412.24
2018-11-02,1436.66,1424.44,1436.66,1409.04
2018-11-05,1442.19,1426.6,1442.19,1420.32
2018-11-06,1444.83,1437.8,1451.1,1433.1
2018-11-07,1424.83,1442.77,1442.77,1423.08
2018-11-08,1429.72,1431.53,1442.3,1425.91
2018-11-09,1407.37,1422.05,1423.15,1406.57
2018-11-12,1414.62,1403.93,1414.62,1401.29
2018-11-13,1417.18,1395.93,1418.71,1393.84
2018-11-14,1394.4,1395.75,1406.38,1388.06
2018-11-15,1408.2,1396.4,1408.57,1391.18
2018-11-16,1404.91,1406.85,1411.23,1400.59
2018-11-19,1414.64,1405.82,1414.68,1401.47
2018-11-20,1388.44,1405.9,1408.84,1386.96
2018-11-21,1375.86,1366.05,1376.23,1357.49
2018-11-22,1370.15,1376.32,1377.16,1366.96
2018-11-23,1337.84,1366.23,1366.44,1337.2
2018-11-26,1322.91,1328.88,1331.73,1319.71
2018-11-27,1319.37,1329.53,1331.44,1314.9
2018-11-28,1333.64,1319.16,1334.3,1314.56
2018-11-29,1316.65,1334.53,1337.86,1316.62
2018-11-30,1327.69,1317.55,1330.26,1316.37
2018-12-03,1358.53,1354.7,1368.93,1344.98
2018-12-04,1363.47,1357.27,1365.38,1353.11
2018-12-05,1352.0,1346.71,1357.64,1344.17
2018-12-06,1331.1,1343.37,1345.51,1329.55
2018-12-07,1342.07,1332.19,1342.57,1329.36
2018-12-10,1338.11,1335.52,1344.75,1333.02
2018-12-11,1332.34,1330.69,1335.32,1327.09
2018-12-12,1334.79,1339.39,1339.89,1330.65
2018-12-13,1345.87,1334.36,1351.58,1332.31
2018-12-14,1330.14,1347.35,1348.01,1330.14
2018-12-17,1332.98,1324.8,1334.85,1319.8
2018-12-18,1315.82,1322.2,1328.85,1311.11
2018-12-19,1294.07,1310.74,1310.88,1293.79
2018-12-20,1291.52,1293.35,1298.99,1282.96
2018-12-21,1283.24,1283.87,1285.6,1276.61
2018-12-24,1289.12,1277.07,1291.53,1274.18
2018-12-25,1259.94,1273.19,1273.19,1244.54
2018-12-26,1250.42,1259.81,1266.2,1249.51
2018-12-27,1236.36,1277.28,1280.91,1235.66
2018-12-28,1225.71,1228.5,1233.91,1223.17
2019-01-02,1211.85,1227.91,1230.59,1207.82
2019-01-03,1213.53,1213.08,1220.49,1206.85
2019-01-04,1234.99,1207.08,1235.75,1202.35
2019-01-07,1250.92,1242.51,1253.79,1234.84
2019-01-08,1256.62,1251.35,1259.88,1247.39
2019-01-09,1262.03,1263.12,1278.19,1261.2
2019-01-10,1263.27,1269.14,1272.04,1259.87
2019-01-11,1275.5,1265.33,1275.91,1263.92
2019-01-14,1279.83,1279.39,1294.4,1277.93
2019-01-15,1281.18,1282.38,1283.69,1268.35
2019-01-16,1290.52,1282.43,1294.55,1279.88
2019-01-17,1294.75,1292.83,1307.9,1288.91
2019-01-18,1313.16,1301.59,1319.64,1300.03
2019-01-21,1324.66,1320.13,1326.66,1313.6
2019-01-22,1302.78,1323.03,1323.82,1299.17
2019-01-23,1295.33,1293.92,1301.07,1291.31
2019-01-24,1293.47,1294.33,1296.53,1281.3
2019-01-25,1292.74,1295.48,1300.62,1292.29
2019-01-28,1294.89,1299.37,1308.13,1294.23
2019-01-29,1296.61,1292.55,1298.83,1278.04
2019-01-30,1289.29,1296.29,1299.21,1289.29
2019-01-31,1297.85,1293.83,1302.22,1288.95
2019-02-01,1310.77,1301.78,1311.4,1300.07
2019-02-11,1319.87,1308.21,1320.59,1304.23
2019-02-12,1335.11,1318.55,1335.11,1315.85
2019-02-13,1350.18,1334.55,1353.32,1329.14
2019-02-14,1347.39,1346.26,1352.86,1343.37
2019-02-15,1332.95,1345.71,1351.05,1331.35
2019-02-18,1362.52,1343.54,1363.54,1343.24
2019-02-19,1356.95,1362.17,1367.44,1347.95
2019-02-20,1367.66,1357.01,1367.66,1353.49
2019-02-21,1361.22,1368.75,1380.93,1357.05
2019-02-22,1368.97,1355.79,1368.97,1344.72
2019-02-25,1429.3,1373.68,1429.62,1373.57
2019-02-26,1436.34,1424.86,1467.7,1413.14
2019-02-27,1435.74,1436.07,1464.36,1422.77
2019-02-28,1434.68,1437.59,1447.87,1426.56
2019-03-01,1450.24,1443.24,1450.24,1427.2
2019-03-04,1458.4,1454.3,1483.67,1451.4
2019-03-05,1459.74,1457.03,1460.19,1445.65
2019-03-06,1483.92,1460.04,1485.0,1452.66
2019-03-07,1490.44,1481.33,1504.07,1472.75
2019-03-08,1415.8,1468.91,1469.92,1415.8
2019-03-11,1437.56,1415.32,1437.92,1413.22
2019-03-12,1449.03,1443.69,1462.43,1435.07
2019-03-13,1429.23,1446.64,1446.64,1423.65
2019-03-14,1424.21,1430.94,1449.65,1413.47
2019-03-15,1435.76,1428.31,1444.4,1424.71
2019-03-18,1473.51,1437.7,1473.51,1431.38
2019-03-19,1470.84,1476.24,1479.96,1460.56
2019-03-20,1466.09,1473.53,1478.35,1450.66
2019-03-21,1468.92,1468.6,1474.77,1461.32
2019-03-22,1466.68,1468.79,1469.34,1449.23
2019-03-25,1426.94,1439.91,1441.7,1425.29
2019-03-26,1399.35,1430.15,1434.35,1394.54
2019-03-27,1410.53,1406.05,1410.53,1395.7
2019-03-28,1397.21,1404.24,1407.22,1395.24
2019-03-29,1429.61,1397.71,1431.11,1395.66
2019-04-01,1474.33,1435.44,1474.33,1435.44
2019-04-02,1473.74,1479.97,1480.91,1460.81
2019-04-03,1490.14,1473.22,1491.0,1470.22
2019-04-04,1508.56,1496.37,1509.66,1489.91
2019-04-08,1525.29,1526.76,1542.66,1503.17
2019-04-09,1507.1,1523.51,1523.51,1497.68
2019-04-10,1497.33,1500.32,1509.38,1482.49
2019-04-11,1468.57,1492.31,1505.32,1468.33
2019-04-12,1471.29,1466.38,1474.65,1461.29
2019-04-15,1463.38,1486.73,1490.94,1463.38
2019-04-16,1493.03,1456.69,1493.08,1450.43
2019-04-17,1503.55,1494.15,1511.77,1487.57
2019-04-18,1497.88,1501.5,1506.57,1492.17
2019-04-19,1529.85,1494.98,1532.32,1490.53
2019-04-22,1518.0,1534.19,1542.72,1512.83
2019-04-23,1500.52,1517.33,1529.82,1498.08
2019-04-24,1505.7,1499.73,1511.47,1488.51
2019-04-25,1453.04,1498.17,1498.17,1453.04
2019-04-26,1425.12,1440.21,1446.37,1425.1
2019-04-29,1400.13,1422.6,1425.27,1397.33
2019-04-30,1414.44,1396.87,1419.0,1396.87
2019-05-06,1341.23,1379.45,1379.45,1324.19
2019-05-07,1349.53,1349.35,1357.18,1335.58
2019-05-08,1335.13,1327.91,1347.29,1323.93
2019-05-09,1321.37,1327.43,1335.72,1317.84
2019-05-10,1347.79,1332.38,1349.02,1313.99
2019-05-13,1342.3,1335.87,1350.97,1330.86
2019-05-14,1331.31,1327.26,1338.39,1327.16
2019-05-15,1349.54,1337.79,1351.77,1337.36
2019-05-16,1363.74,1347.48,1364.09,1344.94
2019-05-17,1332.41,1363.35,1363.48,1330.33
2019-05-20,1327.03,1328.53,1334.03,1310.19
2019-05-21,1346.81,1324.78,1348.57,1323.57
2019-05-22,1341.76,1347.91,1349.09,1335.02
2019-05-23,1336.47,1334.48,1350.24,1325.56
2019-05-24,1328.7,1325.89,1336.71,1325.76
2019-05-27,1340.63,1328.06,1342.67,1322.15
2019-05-28,1341.59,1339.7,1344.58,1330.24
2019-05-29,1332.2,1333.07,1340.58,1329.47
2019-05-30,1345.98,1333.44,1347.89,1331.59
2019-05-31,1333.48,1344.29,1349.12,1332.88
2019-06-03,1318.76,1331.44,1334.06,1316.32
2019-06-04,1314.76,1318.67,1319.92,1311.23
2019-06-05,1317.62,1322.84,1327.56,1317.48
2019-06-06,1298.54,1313.88,1314.22,1297.14
2019-06-10,1313.79,1304.26,1314.31,1301.95
2019-06-11,1327.13,1303.56,1328.82,1300.99
2019-06-12,1321.73,1322.17,1328.74,1319.29
2019-06-13,1327.84,1317.75,1328.7,1309.29
2019-06-14,1310.78,1326.99,1326.99,1307.71
2019-06-17,1317.68,1309.45,1321.19,1307.3
2019-06-18,1315.36,1317.66,1320.85,1311.71
2019-06-19,1322.33,1333.77,1337.09,1321.39
2019-06-20,1340.2,1320.67,1342.0,1317.91
2019-06-21,1348.91,1346.12,1354.11,1342.82
2019-06-24,1353.61,1349.35,1358.09,1344.84
2019-06-25,1347.79,1352.67,1354.15,1337.34
2019-06-26,1355.51,1346.75,1359.22,1343.42
2019-06-27,1353.32,1359.95,1366.72,1351.95
2019-06-28,1343.78,1351.12,1351.88,1337.76
2019-07-01,1360.47,1356.91,1360.63,1353.31
2019-07-02,1362.17,1359.11,1363.83,1353.34
2019-07-03,1348.44,1356.09,1356.09,1344.06
2019-07-04,1348.64,1350.47,1354.13,1342.26
2019-07-05,1346.42,1348.54,1348.54,1341.9
2019-07-08,1303.59,1333.86,1333.86,1299.96
2019-07-09,1299.2,1303.33,1306.59,1296.35
2019-07-10,1290.68,1301.33,1302.72,1288.46
2019-07-11,1292.42,1294.64,1301.68,1289.25
2019-07-12,1294.38,1293.03,1298.71,1286.51
2019-07-15,1297.12,1293.24,1301.42,1276.95
2019-07-16,1300.35,1294.55,1302.19,1293.53
2019-07-17,1301.9,1298.42,1304.68,1294.91
2019-07-18,1287.99,1296.72,1297.1,1287.99
2019-07-19,1296.28,1290.17,1302.91,1289.77
2019-07-22,1284.5,1298.78,1299.3,1279.86
2019-07-23,1286.52,1283.98,1288.41,1282.44
2019-07-24,1294.29,1289.4,1302.45,1289.33
2019-07-25,1294.53,1293.3,1296.0,1290.06
2019-07-26,1296.98,1290.13,1299.12,1288.12
2019-07-29,1293.23,1295.8,1295.8,1290.1
2019-07-30,1300.73,1294.58,1303.44,1294.58
2019-07-31,1299.54,1298.12,1302.61,1295.82
2019-08-01,1290.75,1295.27,1297.94,1287.53
2019-08-02,1268.92,1273.3,1273.3,1264.44
2019-08-05,1245.13,1265.73,1265.73,1244.74
2019-08-06,1219.68,1227.79,1227.79,1206.15
2019-08-07,1223.51,1221.13,1233.59,1219.1
2019-08-08,1224.39,1223.94,1229.5,1222.34
2019-08-09,1214.96,1228.73,1228.94,1213.74
2019-08-12,1227.23,1215.0,1227.53,1211.76
2019-08-13,1213.06,1218.64,1218.88,1211.67
2019-08-14,1220.64,1222.85,1226.89,1219.59
2019-08-15,1216.26,1202.78,1217.42,1198.89
2019-08-16,1216.5,1215.52,1222.51,1212.89
2019-08-19,1237.88,1221.3,1237.88,1219.43
2019-08-20,1241.92,1238.59,1248.96,1237.28
2019-08-21,1235.59,1238.38,1240.31,1234.0
2019-08-22,1231.2,1240.48,1241.1,1224.87
2019-08-23,1231.64,1230.62,1236.18,1228.09
2019-08-26,1221.91,1211.9,1224.84,1211.9
2019-08-27,1233.01,1226.56,1243.71,1225.26
2019-08-28,1240.61,1236.5,1244.24,1232.24
2019-08-29,1236.67,1241.92,1242.89,1233.78
2019-08-30,1234.33,1243.33,1247.11,1230.41
2019-09-02,1262.6,1238.44,1266.26,1237.72
2019-09-03,1262.41,1263.13,1265.22,1257.67
2019-09-04,1276.67,1263.87,1276.74,1261.81
2019-09-05,1277.07,1280.43,1292.37,1276.11
2019-09-06,1281.58,1280.21,1285.12,1276.41
2019-09-09,1291.22,1290.57,1291.22,1279.92
2019-09-10,1293.37,1292.83,1293.95,1287.08
2019-09-11,1291.74,1296.42,1298.34,1289.71
2019-09-12,1291.51,1293.05,1294.34,1284.79
2019-09-16,1311.69,1322.16,1326.3,1306.16
2019-09-17,1290.98,1309.61,1309.61,1288.18
2019-09-18,1277.09,1284.89,1284.89,1276.24
2019-09-19,1278.04,1277.18,1278.59,1268.24
2019-09-20,1276.06,1278.34,1278.59,1271.5
2019-09-23,1267.75,1275.09,1275.09,1262.26
2019-09-24,1261.87,1266.51,1270.34,1260.03
2019-09-25,1247.11,1258.04,1258.04,1246.89
2019-09-26,1242.56,1249.34,1250.82,1240.48
2019-09-27,1235.63,1243.74,1245.56,1233.46
2019-09-30,1238.22,1238.55,1246.29,1237.73
2019-10-08,1236.72,1236.55,1242.74,1235.68
2019-10-09,1242.07,1232.66,1242.66,1228.07
2019-10-10,1244.65,1242.24,1245.68,1239.11
2019-10-11,1258.79,1247.06,1262.62,1244.05
2019-10-14,1264.57,1261.7,1268.8,1257.31
2019-10-15,1252.53,1262.04,1262.04,1251.36
2019-10-16,1247.78,1253.78,1258.13,1246.16
2019-10-17,1244.16,1248.32,1249.84,1241.99
2019-10-18,1229.21,1245.96,1248.13,1226.51
2019-10-21,1227.53,1227.73,1229.12,1220.71
2019-10-22,1226.94,1228.54,1229.13,1219.74
2019-10-23,1220.68,1227.42,1227.42,1218.71
2019-10-24,1224.19,1222.66,1226.64,1216.96
2019-10-25,1230.71,1224.91,1230.82,1218.88
2019-10-28,1234.8,1228.38,1235.01,1227.58
2019-10-29,1225.61,1233.18,1233.18,1225.57
2019-10-30,1220.58,1225.15,1226.62,1218.43
2019-10-31,1213.9,1221.99,1222.98,1210.91
2019-11-01,1217.01,1208.66,1218.69,1207.31
2019-11-04,1218.07,1220.24,1220.98,1214.14
2019-11-05,1223.92,1219.83,1229.48,1215.17
2019-11-06,1217.96,1223.99,1225.41,1213.88
2019-11-07,1216.37,1217.01,1219.08,1212.06
2019-11-08,1210.09,1219.64,1220.94,1209.63
2019-11-11,1183.32,1206.62,1206.67,1183.32
2019-11-12,1190.17,1184.58,1191.07,1180.83
2019-11-13,1179.45,1189.88,1189.88,1175.65
2019-11-14,1176.02,1181.85,1181.85,1174.52
2019-11-15,1160.72,1175.56,1175.7,1160.72
2019-11-18,1173.8,1160.39,1175.89,1160.39
2019-11-19,1178.09,1169.37,1178.21,1166.6
2019-11-20,1180.07,1175.42,1184.67,1172.25
2019-11-21,1182.92,1178.31,1185.57,1173.35
2019-11-22,1192.41,1185.06,1195.09,1182.84
2019-11-25,1228.53,1193.14,1228.91,1193.14
2019-11-26,1217.96,1226.49,1226.49,1212.66
2019-11-27,1210.55,1215.5,1216.57,1208.32
2019-11-28,1201.09,1210.79,1211.43,1197.63
2019-11-29,1200.47,1202.95,1206.72,1195.95
2019-12-02,1196.99,1198.26,1202.29,1194.76
2019-12-03,1200.0,1195.95,1200.0,1193.05
2019-12-04,1194.41,1197.61,1198.28,1191.0
2019-12-05,1196.42,1199.01,1201.11,1190.07
2019-12-06,1196.78,1196.29,1196.97,1189.64
2019-12-09,1208.51,1197.26,1209.21,1193.68
2019-12-10,1203.34,1205.26,1206.38,1199.57
2019-12-11,1204.8,1205.91,1207.91,1201.32
2019-12-12,1197.53,1204.18,1204.39,1197.2
2019-12-13,1207.56,1203.27,1209.57,1201.75
2019-12-16,1217.43,1210.75,1217.92,1205.78
2019-12-17,1234.65,1217.17,1239.88,1214.59
2019-12-18,1229.74,1233.02,1238.42,1227.51
2019-12-19,1236.05,1230.4,1237.74,1228.4
2019-12-20,1230.56,1235.47,1240.46,1230.15
2019-12-23,1211.14,1228.62,1229.24,1210.29
2019-12-24,1222.92,1211.71,1224.36,1211.71
2019-12-25,1219.69,1221.85,1222.67,1215.44
2019-12-26,1228.44,1218.25,1228.96,1218.17
2019-12-27,1234.82,1228.66,1246.57,1227.62
2019-12-30,1251.1,1231.54,1252.16,1229.05
2019-12-31,1255.71,1247.58,1256.7,1246.07
2020-01-02,1269.25,1263.75,1274.69,1263.15
2020-01-03,1280.81,1269.28,1284.49,1267.63
2020-01-06,1311.43,1290.62,1317.64,1290.62
2020-01-07,1306.85,1299.4,1313.42,1298.28
2020-01-08,1296.68,1321.17,1323.16,1293.24
2020-01-09,1283.39,1282.5,1286.78,1279.03
2020-01-10,1270.04,1282.53,1283.06,1266.98
2020-01-13,1271.28,1268.16,1271.28,1260.41
2020-01-14,1270.69,1269.68,1278.68,1269.36
2020-01-15,1255.38,1270.06,1270.06,1253.49
2020-01-16,1247.17,1256.58,1257.87,1246.72
2020-01-17,1249.07,1249.92,1255.45,1246.08
2020-01-20,1247.32,1250.2,1250.8,1242.51
2020-01-21,1229.28,1243.31,1243.31,1227.4
2020-01-22,1229.37,1224.15,1232.24,1211.17
2020-01-23,1195.24,1221.06,1221.06,1189.94
2020-02-03,1094.39,1080.15,1103.94,1080.15
2020-02-04,1097.18,1065.27,1099.72,1065.27
2020-02-05,1102.01,1097.31,1116.08,1091.89
2020-02-06,1115.69,1110.08,1118.05,1101.77
2020-02-07,1112.62,1110.75,1113.21,1101.4
2020-02-10,1125.82,1106.74,1126.01,1104.5
2020-02-11,1134.58,1126.62,1143.22,1122.16
2020-02-12,1140.91,1132.04,1140.91,1127.96
2020-02-13,1134.02,1141.33,1147.17,1133.4
2020-02-14,1135.41,1131.05,1136.99,1128.77
2020-02-17,1154.19,1135.36,1154.83,1134.37
2020-02-18,1149.18,1154.94,1155.43,1142.96
2020-02-19,1143.28,1148.17,1149.1,1141.98
2020-02-20,1160.4,1146.36,1160.53,1143.78
2020-02-21,1160.33,1157.53,1163.5,1154.57
2020-02-24,1144.46,1153.43,1154.38,1139.92
2020-02-25,1123.81,1124.43,1128.16,1108.42
2020-02-26,1134.89,1113.2,1143.52,1110.53
2020-02-27,1130.52,1133.64,1141.35,1126.48
2020-02-28,1098.23,1110.83,1116.19,1092.68
2020-03-02,1133.34,1107.86,1135.41,1107.86
2020-03-03,1139.52,1147.44,1150.72,1133.86
2020-03-04,1145.52,1135.48,1146.82,1132.34
2020-03-05,1165.17,1152.51,1166.84,1148.47
2020-03-06,1156.4,1152.97,1161.12,1146.94
2020-03-09,1132.45,1127.64,1145.14,1118.71
2020-03-10,1139.27,1120.92,1143.44,1115.82
2020-03-11,1126.58,1137.61,1140.17,1126.58
2020-03-12,1103.03,1113.49,1115.25,1098.92
2020-03-13,1087.66,1068.51,1096.18,1061.69
2020-03-16,1076.28,1092.52,1105.51,1074.13
2020-03-17,1068.82,1074.76,1084.92,1055.09
2020-03-18,1052.16,1072.14,1075.09,1052.07
2020-03-19,1029.74,1047.54,1050.72,1015.67
2020-03-20,1043.04,1040.08,1047.09,1029.93
2020-03-23,1019.2,1023.41,1031.96,1017.27
2020-03-24,1045.07,1031.85,1046.24,1029.58
2020-03-25,1056.87,1060.37,1060.91,1050.96
2020-03-26,1047.01,1053.32,1053.56,1046.36
2020-03-27,1049.0,1054.56,1055.38,1044.83
2020-03-30,1041.44,1041.16,1047.27,1036.26
2020-03-31,1040.06,1047.8,1050.45,1038.0
2020-04-01,1029.61,1037.14,1042.67,1028.89
2020-04-02,1063.37,1024.9,1063.37,1024.7
2020-04-03,1049.8,1063.43,1063.43,1045.78
2020-04-07,1062.24,1061.61,1065.46,1055.83
2020-04-08,1060.62,1056.1,1064.09,1050.78
2020-04-09,1059.09,1065.74,1066.69,1057.55
2020-04-10,1046.12,1057.07,1057.07,1043.94
2020-04-13,1043.45,1047.76,1049.76,1042.14
2020-04-14,1056.02,1044.65,1056.41,1042.57
2020-04-15,1046.42,1054.61,1054.61,1045.23
2020-04-16,1045.11,1043.0,1048.2,1042.39
2020-04-17,1049.89,1049.35,1054.32,1047.74
2020-04-20,1048.83,1045.68,1051.85,1043.3
2020-04-21,1031.03,1042.6,1045.26,1027.02
2020-04-22,1024.04,1025.05,1026.5,1018.47
2020-04-23,1038.0,1028.25,1043.51,1028.25
2020-04-24,1023.68,1038.24,1039.12,1021.24
2020-04-27,1020.31,1021.41,1027.71,1019.73
2020-04-28,1002.39,1019.88,1020.16,991.75
2020-04-29,1008.69,1003.4,1011.8,1003.4
2020-04-30,1027.13,1012.43,1028.37,1012.43
2020-05-06,1025.06,1019.46,1026.22,1016.42
2020-05-07,1018.0,1023.64,1023.64,1016.09
2020-05-08,1025.66,1020.82,1027.09,1018.85
2020-05-11,1027.3,1026.28,1031.24,1024.92
2020-05-12,1022.21,1027.78,1027.78,1018.65
2020-05-13,1019.97,1020.49,1021.56,1013.59
2020-05-14,1013.0,1017.03,1017.18,1011.76
2020-05-15,1015.15,1015.06,1020.15,1013.77
2020-05-18,1019.55,1020.11,1024.45,1015.32
2020-05-19,1032.29,1029.93,1035.49,1029.93
2020-05-20,1025.47,1030.88,1031.63,1022.68
2020-05-21,1021.16,1028.01,1028.37,1019.42
2020-05-22,999.59,1019.39,1019.86,999.41
2020-05-25,1002.63,1000.84,1004.63,995.65
2020-05-26,1006.07,1005.46,1006.81,1001.22
2020-05-27,1008.33,1005.23,1010.41,1001.98
2020-05-28,1006.92,1007.21,1013.34,1001.11
2020-05-29,999.59,1005.64,1005.64,997.4
2020-06-01,1010.9,997.23,1011.54,997.23
2020-06-02,1016.81,1010.78,1016.81,1009.17
2020-06-03,1019.21,1021.34,1028.29,1018.98
2020-06-04,1009.04,1022.21,1022.37,1006.93
2020-06-05,1009.43,1008.85,1010.22,1001.65
2020-06-08,1022.42,1016.24,1023.22,1016.04
2020-06-09,1024.1,1022.97,1024.63,1017.98
2020-06-10,1008.51,1016.9,1016.9,1006.93
2020-06-11,999.25,1007.61,1009.12,998.23
2020-06-12,993.09,982.64,994.8,980.57
2020-06-15,967.48,976.04,977.22,967.47
2020-06-16,979.61,973.75,980.45,971.77
2020-06-17,981.54,978.64,983.62,975.74
2020-06-18,1000.75,979.81,1003.45,977.35
2020-06-19,999.08,999.04,1002.67,994.98
2020-06-22,989.51,997.89,999.09,988.93
2020-06-23,983.68,989.64,990.28,982.09
2020-06-24,982.85,983.63,986.24,981.73
2020-06-29,967.74,978.31,978.31,966.35
2020-06-30,969.67,969.9,972.28,968.08
2020-07-01,981.56,971.31,981.81,969.42
2020-07-02,1012.15,980.2,1012.96,979.63
2020-07-03,1046.46,1014.94,1052.74,1014.94
2020-07-06,1112.26,1057.94,1114.39,1057.94
2020-07-07,1097.82,1129.94,1142.29,1097.73
2020-07-08,1106.99,1089.09,1110.7,1079.96
2020-07-09,1132.07,1105.76,1142.72,1095.87
2020-07-10,1086.45,1116.89,1116.89,1084.2
2020-07-13,1102.64,1084.81,1108.25,1082.06
2020-07-14,1102.83,1100.83,1114.84,1078.76
2020-07-15,1075.83,1106.11,1108.52,1074.72
2020-07-16,1044.3,1077.31,1083.81,1043.13
2020-07-17,1037.6,1046.19,1053.06,1029.44
2020-07-20,1076.14,1041.79,1076.74,1041.79
2020-07-21,1071.56,1079.44,1085.81,1066.22
2020-07-22,1080.06,1076.09,1096.94,1072.72
2020-07-23,1068.89,1071.61,1075.57,1048.89
2020-07-24,1047.64,1071.29,1081.3,1042.52
2020-07-27,1046.27,1050.81,1054.21,1035.9
2020-07-28,1051.5,1051.39,1062.48,1044.65
2020-07-29,1060.14,1048.34,1060.59,1038.75
2020-07-30,1058.67,1061.62,1067.31,1056.1
2020-07-31,1056.26,1055.53,1066.63,1047.46
2020-08-03,1068.8,1057.43,1069.39,1057.43
2020-08-04,1068.38,1070.88,1073.09,1060.69
2020-08-05,1066.62,1067.44,1070.27,1052.44
2020-08-06,1065.96,1068.76,1070.67,1055.68
2020-08-07,1051.31,1063.56,1063.56,1046.26
2020-08-10,1058.66,1049.86,1061.68,1044.53
2020-08-11,1051.29,1060.06,1066.92,1049.94
2020-08-12,1058.48,1046.6,1058.77,1043.24
2020-08-13,1067.78,1062.19,1076.15,1062.19
2020-08-14,1066.74,1063.38,1068.25,1055.08
2020-08-17,1083.71,1064.84,1087.38,1060.95
2020-08-18,1086.43,1083.77,1094.95,1079.81
2020-08-19,1087.01,1084.68,1098.22,1079.09
2020-08-20,1070.34,1083.58,1085.77,1067.81
2020-08-21,1070.75,1073.02,1077.13,1065.02
2020-08-24,1072.6,1072.48,1077.82,1067.38
2020-08-25,1061.25,1072.97,1073.82,1058.54
2020-08-26,1055.96,1061.84,1065.69,1053.51
2020-08-27,1058.68,1057.21,1060.63,1054.53
2020-08-28,1068.65,1058.2,1068.75,1053.24
2020-08-31,1069.97,1070.64,1079.77,1068.48
2020-09-01,1071.52,1068.26,1071.89,1065.33
2020-09-02,1063.55,1071.13,1071.62,1057.22
2020-09-03,1063.66,1064.32,1075.09,1060.85
2020-09-04,1060.14,1053.61,1061.98,1048.18
2020-09-07,1051.45,1058.81,1066.37,1050.28
2020-09-08,1077.13,1052.4,1077.15,1051.92
2020-09-09,1073.2,1067.89,1086.33,1066.23
2020-09-10,1059.51,1079.03,1081.84,1056.21
2020-09-11,1051.33,1054.56,1055.56,1043.49
2020-09-14,1052.6,1051.99,1054.58,1047.0
2020-09-15,1052.01,1051.84,1054.48,1046.56
2020-09-16,1059.68,1052.42,1064.25,1049.46
2020-09-17,1057.17,1059.9,1066.69,1055.67
2020-09-18,1083.58,1059.91,1085.51,1057.99
2020-09-21,1082.93,1086.33,1087.71,1078.39
2020-09-22,1058.81,1073.08,1073.08,1056.77
2020-09-23,1053.93,1061.99,1063.76,1051.93
2020-09-24,1036.86,1048.7,1048.91,1034.39
2020-09-25,1040.71,1041.9,1047.29,1038.24
2020-09-28,1050.16,1046.06,1059.43,1046.06
2020-09-29,1044.39,1051.36,1051.48,1043.89
2020-09-30,1033.87,1043.14,1044.33,1028.42
2020-10-09,1051.12,1043.98,1058.97,1043.42
2020-10-12,1069.3,1054.72,1070.57,1052.76
2020-10-13,1070.79,1069.57,1072.77,1062.56
2020-10-14,1060.76,1067.36,1067.36,1058.35
2020-10-15,1067.32,1060.94,1081.49,1056.61
2020-10-16,1082.19,1068.0,1089.06,1064.23
2020-10-19,1069.06,1081.75,1087.46,1067.67
2020-10-20,1066.15,1066.39,1067.37,1059.07
2020-10-21,1061.24,1066.31,1066.33,1055.73
2020-10-22,1058.03,1058.6,1062.84,1053.62
2020-10-23,1053.51,1055.1,1059.44,1052.59
2020-10-26,1046.54,1052.27,1052.27,1042.59
2020-10-27,1044.0,1042.71,1046.77,1040.78
2020-10-28,1043.02,1044.23,1045.71,1035.05
2020-10-29,1032.65,1031.41,1035.76,1026.43
2020-10-30,1026.28,1034.0,1042.61,1022.72
2020-11-02,1032.33,1026.49,1038.36,1026.47
2020-11-03,1049.16,1034.4,1050.29,1034.4
2020-11-04,1054.13,1052.21,1056.42,1044.99
2020-11-05,1060.03,1057.46,1060.5,1053.72
2020-11-06,1068.03,1061.09,1072.58,1060.4
2020-11-09,1088.08,1073.39,1089.68,1073.39
2020-11-10,1087.06,1100.14,1106.62,1082.52
2020-11-11,1106.63,1087.79,1114.5,1086.56
2020-11-12,1097.33,1102.74,1104.1,1092.6
2020-11-13,1084.75,1094.78,1094.78,1078.2
2020-11-16,1115.36,1089.12,1118.75,1089.12
2020-11-17,1112.58,1118.04,1127.05,1109.04
2020-11-18,1112.23,1108.41,1118.88,1100.69
2020-11-19,1105.31,1109.74,1118.87,1098.73
2020-11-20,1118.06,1104.25,1119.34,1096.82
2020-11-23,1162.59,1124.91,1170.71,1123.86
2020-11-24,1166.44,1160.79,1168.58,1149.82
2020-11-25,1161.45,1180.02,1194.12,1161.45
2020-11-26,1162.66,1156.37,1173.17,1156.37
2020-11-27,1166.84,1162.06,1167.78,1145.86
2020-11-30,1161.03,1167.66,1193.45,1161.03
2020-12-01,1171.68,1163.23,1174.14,1159.89
2020-12-02,1181.13,1171.02,1184.76,1163.89
2020-12-03,1153.93,1177.34,1180.34,1151.59
2020-12-04,1149.77,1151.19,1151.65,1136.51
2020-12-07,1131.81,1150.67,1156.28,1131.81
2020-12-08,1125.21,1132.85,1137.26,1122.56
2020-12-09,1130.17,1130.12,1146.81,1128.91
2020-12-10,1131.54,1131.88,1138.97,1125.97
2020-12-11,1134.92,1150.17,1158.37,1125.97
2020-12-14,1092.42,1117.12,1117.12,1088.52
2020-12-15,1087.97,1091.09,1091.49,1076.8
2020-12-16,1085.62,1090.43,1097.92,1084.67
2020-12-17,1110.76,1085.85,1112.23,1080.16
2020-12-18,1148.65,1124.5,1153.96,1124.27
2020-12-21,1145.78,1152.48,1154.04,1135.95
2020-12-22,1096.06,1136.67,1137.02,1095.05
2020-12-23,1106.86,1093.95,1114.38,1093.95
2020-12-24,1111.68,1113.03,1117.92,1099.11
2020-12-25,1128.15,1109.86,1132.53,1101.46
2020-12-28,1128.93,1132.01,1139.61,1122.63
2020-12-29,1107.3,1128.0,1128.37,1105.02
2020-12-30,1114.79,1103.69,1126.06,1101.1
2020-12-31,1113.64,1113.0,1117.59,1105.13
2021-01-04,1127.23,1111.58,1130.42,1106.63
2021-01-05,1111.51,1124.43,1124.43,1097.96
2021-01-06,1123.84,1115.33,1134.77,1112.17
2021-01-07,1137.12,1123.19,1144.39,1118.34
2021-01-08,1143.36,1140.44,1149.92,1132.07
2021-01-11,1107.08,1140.98,1140.98,1103.47
2021-01-12,1123.08,1103.49,1123.4,1102.64
2021-01-13,1135.08,1125.14,1145.02,1117.25
2021-01-14,1125.72,1130.0,1138.99,1120.87
2021-01-15,1139.32,1129.75,1145.81,1129.71
2021-01-18,1148.61,1134.78,1152.8,1127.67
2021-01-19,1148.14,1146.76,1165.28,1143.5
2021-01-20,1147.01,1146.96,1149.85,1138.17
2021-01-21,1157.97,1145.87,1166.65,1145.87
2021-01-22,1132.26,1156.12,1156.62,1129.87
2021-01-25,1120.91,1126.26,1128.8,1113.77
2021-01-26,1120.59,1119.09,1135.78,1116.96
2021-01-27,1122.39,1117.61,1136.53,1117.32
2021-01-28,1099.65,1111.66,1114.43,1097.87
2021-01-29,1073.27,1100.16,1105.73,1066.28
2021-02-01,1080.34,1069.71,1081.56,1061.53
2021-02-02,1078.47,1085.51,1086.71,1072.77
2021-02-03,1078.57,1079.23,1085.36,1071.37
2021-02-04,1084.45,1077.76,1087.02,1066.09
2021-02-05,1060.35,1083.96,1089.43,1060.35
2021-02-08,1073.46,1061.59,1077.56,1056.88
2021-02-09,1097.73,1074.05,1099.73,1073.58
2021-02-10,1097.41,1095.48,1100.81,1088.77
2021-02-18,1163.79,1145.09,1168.85,1145.09
2021-02-19,1191.28,1160.07,1194.4,1157.62
2021-02-22,1232.89,1194.56,1272.66,1194.56
2021-02-23,1220.09,1233.09,1241.73,1213.77
2021-02-24,1191.59,1222.65,1227.58,1182.55
2021-02-25,1201.49,1214.98,1225.0,1199.84
2021-02-26,1159.14,1172.69,1185.09,1155.2
2021-03-01,1178.01,1166.0,1178.68,1159.36
2021-03-02,1170.3,1176.91,1197.17,1160.43
2021-03-03,1205.59,1167.76,1206.33,1165.9
2021-03-04,1205.95,1201.13,1219.61,1198.58
2021-03-05,1194.4,1202.9,1214.63,1184.2
2021-03-08,1198.95,1215.72,1227.72,1198.42
2021-03-09,1183.73,1189.47,1207.09,1158.88
2021-03-10,1175.69,1182.36,1189.46,1172.62
2021-03-11,1203.55,1184.18,1204.59,1179.36
2021-03-12,1219.95,1207.88,1235.2,1195.17
2021-03-15,1245.62,1210.43,1246.0,1208.54
2021-03-16,1225.0,1238.78,1239.58,1210.42
2021-03-17,1223.92,1217.62,1224.07,1199.43
2021-03-18,1214.94,1217.54,1222.74,1209.72
2021-03-19,1187.5,1190.73,1209.15,1182.49
2021-03-22,1193.92,1183.81,1196.68,1181.58
2021-03-23,1163.28,1194.35,1194.55,1158.32
2021-03-24,1140.52,1153.5,1156.08,1135.11
2021-03-25,1155.5,1143.63,1164.05,1142.5
2021-03-26,1158.78,1152.31,1161.19,1148.62
2021-03-29,1207.13,1184.34,1212.16,1184.34
2021-03-30,1205.1,1203.98,1208.49,1193.94
2021-03-31,1199.96,1201.83,1204.22,1193.65
2021-04-01,1196.77,1197.33,1198.95,1184.22
2021-04-02,1189.12,1200.26,1200.79,1187.41
2021-04-06,1188.11,1185.5,1190.28,1181.46
2021-04-07,1196.06,1185.53,1196.92,1180.57
2021-04-08,1198.88,1202.36,1209.25,1189.77
2021-04-09,1208.32,1193.32,1214.09,1190.78
2021-04-12,1200.74,1208.1,1218.27,1198.41
2021-04-13,1183.32,1199.87,1202.18,1180.22
2021-04-14,1192.94,1183.72,1195.19,1177.94
2021-04-15,1201.97,1196.77,1206.22,1190.8
2021-04-16,1222.91,1202.21,1229.82,1199.71
2021-04-19,1225.71,1222.92,1234.95,1222.45
2021-04-20,1223.11,1220.64,1229.26,1216.02
2021-04-21,1213.38,1215.54,1218.12,1205.92
2021-04-22,1217.19,1218.19,1228.79,1212.95
2021-04-23,1204.11,1213.39,1213.39,1196.42
2021-04-26,1213.3,1207.29,1221.8,1204.64
2021-04-27,1202.76,1209.6,1212.45,1187.95
2021-04-28,1230.17,1201.22,1230.33,1196.9
2021-04-29,1239.41,1229.96,1243.4,1219.56
2021-04-30,1214.03,1233.33,1233.33,1209.08
2021-05-06,1257.44,1227.92,1263.04,1227.92
2021-05-07,1290.57,1261.32,1304.36,1260.25
2021-05-10,1353.46,1307.33,1353.46,1307.33
2021-05-11,1322.12,1328.6,1331.79,1288.24
2021-05-12,1347.17,1321.32,1350.39,1321.32
2021-05-13,1303.74,1326.11,1329.85,1298.64
2021-05-14,1289.52,1301.12,1307.52,1280.61
2021-05-17,1292.55,1293.11,1307.85,1287.48
2021-05-18,1318.95,1300.21,1319.46,1298.67
2021-05-19,1292.02,1311.87,1311.87,1286.32
2021-05-20,1249.67,1257.08,1257.08,1233.84
2021-05-21,1259.05,1242.71,1266.0,1242.69
2021-05-24,1255.21,1258.55,1270.36,1252.09
2021-05-25,1270.08,1263.39,1275.46,1244.73
2021-05-26,1271.87,1267.76,1276.93,1261.27
2021-05-27,1282.36,1271.44,1288.62,1271.44
2021-05-28,1277.94,1290.73,1294.19,1271.25
2021-05-31,1273.83,1282.19,1282.57,1269.45
2021-06-01,1303.33,1273.84,1304.67,1259.79
2021-06-02,1312.08,1305.42,1316.01,1298.07
2021-06-03,1324.42,1320.02,1338.17,1320.02
2021-06-04,1309.47,1304.62,1315.92,1287.69
2021-06-07,1324.64,1315.85,1337.15,1315.85
2021-06-08,1315.39,1320.02,1325.68,1306.88
2021-06-09,1362.51,1324.79,1372.35,1318.36
2021-06-10,1357.35,1352.6,1370.83,1348.44
2021-06-11,1375.49,1365.2,1391.74,1365.2
2021-06-15,1372.75,1387.98,1398.08,1357.62
2021-06-16,1377.27,1383.56,1404.73,1372.19
2021-06-17,1360.01,1363.39,1375.95,1344.02
2021-06-18,1328.48,1352.61,1353.24,1323.15
2021-06-21,1309.24,1322.62,1322.62,1306.24
2021-06-22,1335.38,1320.87,1342.91,1320.29
2021-06-23,1356.25,1338.04,1361.54,1324.51
2021-06-24,1359.44,1357.41,1381.72,1344.78
2021-06-25,1385.11,1369.18,1389.24,1367.34
2021-06-28,1334.23,1361.64,1361.72,1333.13
2021-06-29,1311.68,1322.46,1325.61,1308.89
2021-06-30,1321.58,1315.02,1330.15,1314.2
2021-07-01,1305.03,1321.38,1326.15,1303.17
2021-07-02,1298.2,1312.64,1320.6,1297.72
2021-07-05,1315.5,1303.82,1315.64,1297.14
2021-07-06,1321.25,1321.71,1324.16,1311.09
2021-07-07,1303.69,1305.15,1308.54,1293.12
2021-07-08,1263.67,1296.8,1297.07,1260.86
2021-07-09,1272.34,1255.84,1272.7,1252.19
2021-07-12,1248.13,1260.9,1269.03,1242.64
2021-07-13,1278.02,1250.75,1278.72,1247.42
2021-07-14,1282.99,1281.95,1307.22,1280.41
2021-07-15,1286.23,1280.0,1288.46,1264.17
2021-07-16,1299.19,1285.71,1311.92,1285.71
2021-07-19,1292.48,1311.25,1316.87,1290.76
2021-07-20,1292.3,1275.55,1292.3,1259.53
2021-07-21,1276.17,1293.85,1298.24,1270.18
2021-07-22,1290.96,1281.55,1299.4,1277.12
2021-07-23,1292.62,1293.36,1323.55,1290.87
2021-07-26,1277.92,1296.74,1300.86,1262.05
2021-07-27,1262.28,1280.98,1308.54,1261.49
2021-07-28,1249.24,1254.79,1267.29,1229.8
2021-07-29,1259.91,1262.59,1267.54,1242.53
2021-07-30,1274.23,1267.29,1285.12,1256.32
2021-08-02,1258.69,1247.6,1259.96,1227.14
2021-08-03,1232.66,1250.31,1259.93,1229.92
2021-08-04,1268.13,1239.52,1269.24,1234.3
2021-08-05,1268.46,1265.61,1285.43,1262.82
2021-08-06,1287.91,1272.31,1289.2,1265.11
2021-08-09,1284.45,1291.05,1291.6,1274.95
2021-08-10,1290.2,1279.6,1294.15,1276.22
2021-08-11,1333.49,1298.25,1335.58,1298.25
2021-08-12,1350.33,1330.58,1355.83,1322.73
2021-08-13,1349.94,1348.91,1359.24,1344.03
2021-08-16,1352.25,1359.8,1370.27,1345.81
2021-08-17,1316.36,1345.33,1356.16,1312.45
2021-08-18,1319.71,1318.16,1325.68,1303.1
2021-08-19,1296.72,1308.24,1308.32,1290.24
2021-08-20,1285.42,1291.18,1295.4,1270.88
2021-08-23,1320.88,1306.33,1328.27,1306.33
2021-08-24,1341.19,1344.48,1348.36,1333.03
2021-08-25,1376.16,1343.34,1376.22,1339.83
2021-08-26,1406.29,1378.75,1421.16,1376.64
2021-08-27,1415.89,1386.25,1418.4,1380.67
2021-08-30,1470.63,1428.33,1473.84,1424.6
2021-08-31,1544.61,1464.66,1550.13,1457.16
2021-09-01,1509.06,1558.15,1579.23,1498.27
2021-09-02,1567.23,1512.98,1575.45,1512.98
2021-09-03,1556.88,1554.59,1577.43,1540.87
2021-09-06,1593.97,1576.98,1608.24,1564.58
2021-09-07,1658.9,1608.43,1669.65,1594.17
2021-09-08,1684.88,1649.46,1706.39,1641.3
2021-09-09,1781.67,1703.47,1801.8,1689.2
2021-09-10,1723.91,1754.96,1785.68,1716.14
2021-09-13,1822.08,1737.04,1836.49,1737.04
2021-09-14,1784.47,1803.69,1849.13,1760.15
2021-09-15,1811.46,1777.22,1838.98,1769.18
2021-09-16,1814.33,1864.42,1893.77,1809.48
2021-09-17,1726.26,1775.44,1837.13,1684.03
2021-09-22,1819.33,1710.45,1819.33,1707.11
2021-09-23,1784.37,1851.64,1859.21,1749.07
2021-09-24,1693.7,1773.19,1778.24,1688.78
2021-09-27,1673.06,1725.4,1731.7,1654.98
2021-09-28,1761.85,1695.42,1762.34,1686.58
2021-09-29,1663.67,1748.03,1763.41,1648.18
2021-09-30,1699.18,1656.21,1699.18,1643.79
2021-10-08,1676.99,1754.33,1759.34,1652.94
2021-10-11,1703.14,1690.86,1708.67,1656.83
2021-10-12,1667.22,1701.47,1750.89,1634.73
2021-10-13,1577.48,1657.03,1657.03,1544.25
2021-10-14,1569.17,1557.93,1585.91,1536.1
2021-10-15,1625.18,1572.99,1629.52,1558.54
2021-10-18,1710.44,1624.29,1719.69,1623.72
2021-10-19,1722.21,1704.2,1756.85,1692.5
2021-10-20,1626.56,1610.03,1634.38,1608.84
2021-10-21,1676.84,1621.39,1702.93,1621.39
2021-10-22,1592.75,1662.83,1677.62,1590.28
2021-10-25,1632.5,1611.97,1653.14,1586.76
2021-10-26,1618.37,1642.55,1649.19,1611.04
2021-10-27,1564.02,1591.83,1598.5,1558.57
2021-10-28,1466.82,1520.44,1521.89,1443.24
2021-10-29,1463.15,1467.07,1476.53,1442.59
2021-11-01,1467.2,1450.05,1477.35,1446.06
2021-11-02,1423.79,1473.95,1478.9,1395.13
2021-11-03,1458.11,1425.22,1465.7,1415.45
2021-11-04,1440.33,1440.93,1441.9,1420.49
2021-11-05,1385.55,1429.22,1429.22,1385.53
2021-11-08,1400.16,1395.17,1411.67,1387.86
2021-11-09,1379.91,1395.77,1395.77,1371.15
2021-11-10,1363.17,1374.78,1374.78,1335.99
2021-11-11,1373.18,1359.84,1377.3,1356.14
2021-11-12,1364.61,1367.52,1372.93,1357.61
2021-11-15,1360.13,1358.09,1365.42,1349.69
2021-11-16,1343.83,1361.54,1368.99,1343.14
2021-11-17,1358.58,1345.54,1358.97,1340.5
2021-11-18,1362.0,1364.18,1380.62,1358.45
2021-11-19,1389.48,1360.45,1392.49,1350.06
2021-11-22,1388.95,1391.06,1402.94,1382.57
2021-11-23,1400.59,1388.38,1414.59,1379.23
2021-11-24,1426.51,1415.98,1428.84,1407.9
2021-11-25,1408.22,1428.3,1433.09,1401.93
2021-11-26,1380.23,1391.59,1397.06,1376.87
2021-11-29,1366.42,1351.57,1368.53,1344.06
2021-11-30,1360.96,1368.47,1382.75,1354.46
2021-12-01,1398.74,1361.4,1400.21,1356.23
2021-12-02,1409.91,1393.71,1415.58,1392.17
2021-12-03,1457.29,1407.03,1469.41,1388.28
2021-12-06,1449.5,1450.78,1483.81,1447.18
2021-12-07,1462.28,1464.81,1467.2,1435.68
2021-12-08,1462.01,1464.66,1467.97,1449.45
2021-12-09,1454.38,1459.41,1466.77,1450.66
2021-12-10,1435.82,1448.77,1454.91,1429.92
2021-12-13,1450.44,1442.69,1463.31,1442.6
2021-12-14,1422.51,1445.02,1445.02,1419.18
2021-12-15,1433.27,1421.9,1442.32,1414.91
2021-12-16,1502.07,1445.6,1502.87,1445.47
2021-12-17,1483.69,1510.13,1516.47,1480.77
2021-12-20,1447.73,1479.99,1487.09,1442.85
2021-12-21,1467.3,1445.51,1473.17,1443.66
2021-12-22,1467.51,1471.01,1473.98,1460.32
2021-12-23,1495.56,1465.55,1497.99,1463.05
2021-12-24,1468.92,1493.51,1493.51,1467.81
2021-12-27,1471.96,1466.46,1493.55,1465.25
2021-12-28,1448.24,1479.97,1480.89,1437.96
2021-12-29,1440.3,1445.84,1457.01,1438.72
2021-12-30,1429.14,1436.62,1441.19,1427.98
2021-12-31,1442.91,1430.57,1445.99,1425.99
2022-01-04,1461.54,1468.57,1483.34,1451.88
2022-01-05,1447.14,1456.93,1462.41,1439.93
2022-01-06,1447.04,1444.58,1453.33,1441.35
2022-01-07,1464.41,1449.1,1480.63,1447.5
2022-01-10,1483.83,1464.23,1485.56,1456.95
2022-01-11,1470.58,1473.69,1482.67,1465.97
2022-01-12,1476.83,1480.74,1483.74,1462.63
2022-01-13,1497.06,1485.06,1519.53,1484.18
2022-01-14,1449.03,1486.75,1486.75,1448.36
2022-01-17,1458.17,1458.21,1461.63,1450.4
2022-01-18,1496.18,1459.57,1497.37,1455.14
2022-01-19,1499.75,1505.37,1522.13,1491.08
2022-01-20,1494.63,1483.19,1502.19,1477.61
2022-01-21,1503.97,1496.85,1508.67,1482.71
2022-01-24,1506.87,1498.51,1508.54,1476.12
2022-01-25,1448.73,1493.32,1493.32,1447.79
2022-01-26,1455.1,1452.26,1462.13,1431.49
2022-01-27,1450.14,1459.9,1481.89,1449.31
2022-01-28,1409.2,1448.18,1457.71,1405.16
2022-02-07,1475.03,1439.1,1483.57,1436.35
2022-02-08,1538.35,1491.29,1541.97,1487.82
2022-02-09,1532.61,1526.1,1552.62,1516.28
2022-02-10,1563.63,1515.47,1565.14,1504.12
2022-02-11,1588.62,1555.98,1615.15,1551.29
2022-02-14,1576.34,1600.22,1606.56,1566.73
2022-02-15,1541.31,1562.39,1563.01,1529.86
2022-02-16,1550.56,1532.77,1553.86,1525.96
2022-02-17,1555.94,1541.38,1562.94,1533.76
2022-02-18,1594.19,1550.56,1599.7,1548.72
2022-02-21,1614.86,1599.8,1618.28,1588.52
2022-02-22,1633.56,1616.01,1641.78,1602.56
2022-02-23,1603.28,1624.65,1625.75,1586.16
2022-02-24,1613.36,1600.65,1637.98,1597.49
2022-02-25,1571.61,1594.11,1618.69,1547.16
2022-02-28,1603.23,1575.65,1604.47,1575.65
2022-03-01,1630.55,1606.71,1633.76,1589.61
2022-03-02,1660.64,1655.88,1663.46,1642.7
2022-03-03,1704.82,1672.92,1721.73,1672.92
2022-03-04,1698.87,1691.35,1730.36,1667.46
2022-03-07,1698.45,1745.47,1749.25,1687.5
2022-03-08,1630.63,1679.03,1692.71,1621.03
2022-03-09,1644.34,1639.15,1676.98,1582.37
2022-03-10,1639.75,1613.65,1658.36,1586.77
2022-03-11,1638.89,1630.73,1654.67,1597.6
2022-03-14,1590.65,1608.01,1661.1,1590.59
2022-03-15,1469.8,1574.58,1574.58,1469.8
2022-03-16,1504.33,1486.98,1512.0,1442.78
2022-03-17,1522.24,1514.94,1540.77,1479.54
2022-03-18,1575.89,1532.05,1585.73,1531.67
2022-03-21,1610.89,1577.9,1626.56,1577.9
2022-03-22,1653.62,1613.89,1657.98,1613.89
2022-03-23,1642.7,1645.27,1655.52,1616.92
2022-03-24,1659.36,1656.44,1680.32,1653.29
2022-03-25,1653.24,1647.56,1677.1,1638.03
2022-03-28,1712.23,1667.63,1725.46,1659.64
2022-03-29,1737.93,1697.73,1746.65,1692.88
2022-03-30,1695.31,1718.13,1733.84,1677.68
2022-03-31,1726.18,1702.56,1731.03,1689.97
2022-04-01,1720.25,1709.32,1734.15,1698.23
2022-04-06,1713.98,1712.96,1723.02,1671.69
2022-04-07,1723.17,1706.56,1749.36,1704.79
2022-04-08,1745.11,1732.73,1755.12,1712.55
2022-04-11,1727.81,1729.82,1759.41,1716.53
2022-04-12,1728.8,1741.84,1757.74,1709.4
2022-04-13,1786.04,1736.98,1800.49,1734.65
2022-04-14,1847.63,1787.33,1848.72,1772.21
2022-04-15,1789.62,1865.04,1901.7,1781.81
2022-04-18,1737.58,1752.44,1791.3,1732.24
2022-04-19,1786.89,1746.07,1788.43,1724.59
2022-04-20,1702.07,1762.66,1776.04,1702.07
2022-04-21,1666.76,1713.29,1726.58,1658.3
2022-04-22,1690.69,1646.48,1708.94,1645.07
2022-04-25,1609.53,1659.13,1659.13,1608.28
2022-04-26,1548.75,1612.88,1613.0,1544.87
2022-04-27,1600.09,1541.27,1601.46,1535.47
2022-04-28,1674.75,1614.91,1689.92,1614.15
2022-04-29,1685.98,1682.35,1687.12,1643.39
2022-05-05,1690.01,1698.64,1714.86,1672.84
2022-05-06,1658.69,1658.86,1698.58,1652.67
2022-05-09,1640.96,1638.49,1642.04,1600.72
2022-05-10,1599.09,1599.22,1600.45,1561.1
2022-05-11,1630.64,1594.63,1637.23,1592.88
2022-05-12,1608.33,1635.94,1650.26,1597.46
2022-05-13,1656.79,1613.04,1657.44,1607.39
2022-05-16,1692.78,1668.54,1695.28,1653.93
2022-05-17,1717.32,1699.7,1723.3,1694.42
2022-05-18,1696.21,1705.93,1712.34,1685.77
2022-05-19,1693.46,1665.24,1696.06,1649.84
2022-05-20,1757.35,1696.91,1762.94,1696.0
2022-05-23,1773.13,1765.03,1795.42,1757.16
2022-05-24,1758.93,1772.53,1813.89,1758.93
2022-05-25,1802.69,1762.44,1813.48,1753.91
2022-05-26,1843.62,1812.49,1852.26,1794.68
2022-05-27,1869.09,1852.63,1892.69,1836.08
2022-05-30,1854.09,1876.03,1878.66,1828.59
2022-05-31,1854.86,1852.04,1864.99,1830.52
2022-06-01,1863.71,1843.38,1866.71,1825.11
2022-06-02,1812.8,1843.41,1843.82,1806.56
2022-06-06,1860.99,1829.35,1864.11,1823.51
2022-06-07,1866.01,1851.46,1895.31,1834.42
2022-06-08,1944.58,1879.22,1944.58,1879.22
2022-06-09,1961.8,1939.66,1998.76,1935.24
2022-06-10,1983.2,1928.83,1992.81,1920.53
2022-06-13,1958.45,1962.57,1992.35,1930.3
2022-06-14,2008.63,1934.24,2008.72,1933.49
2022-06-15,1961.0,2001.99,2018.85,1961.0
2022-06-16,1880.89,1952.27,1967.51,1865.55
2022-06-17,1875.1,1866.04,1886.22,1847.38
2022-06-20,1767.27,1830.95,1830.95,1759.44
2022-06-21,1780.4,1766.39,1795.54,1766.39
2022-06-22,1747.15,1790.61,1797.49,1743.3
2022-06-23,1780.46,1743.13,1782.15,1722.42
2022-06-24,1765.11,1770.82,1787.68,1750.61
2022-06-27,1824.69,1769.19,1825.45,1765.38
2022-06-28,1869.61,1830.18,1870.09,1830.18
2022-06-29,1857.12,1867.19,1895.15,1854.51
2022-06-30,1855.2,1846.57,1863.57,1837.88
2022-07-01,1854.12,1839.86,1862.45,1798.41
2022-07-04,1854.56,1851.91,1878.18,1839.27
2022-07-05,1912.8,1872.18,1915.75,1871.0
2022-07-06,1809.88,1866.76,1866.76,1795.5
2022-07-07,1821.86,1802.18,1828.85,1777.38
2022-07-08,1795.48,1834.19,1841.21,1794.63
2022-07-11,1739.32,1761.81,1761.81,1722.55
2022-07-12,1750.59,1740.44,1762.49,1736.76
2022-07-13,1737.83,1728.82,1739.14,1714.76
2022-07-14,1730.3,1737.69,1749.2,1718.84
2022-07-15,1713.94,1731.76,1771.58,1713.94
2022-07-18,1783.83,1732.48,1784.67,1732.48
2022-07-19,1781.88,1789.76,1790.97,1763.54
2022-07-20,1779.82,1783.9,1795.89,1775.42
2022-07-21,1726.32,1773.41,1773.41,1725.95
2022-07-22,1714.87,1721.16,1735.88,1706.62
2022-07-25,1723.98,1718.1,1744.32,1717.22
2022-07-26,1763.26,1728.09,1772.02,1724.1
2022-07-27,1766.07,1758.02,1775.39,1753.55
2022-07-28,1782.34,1784.23,1790.93,1766.74
2022-07-29,1744.0,1780.16,1794.56,1742.57
2022-08-01,1777.02,1743.55,1782.31,1738.23
2022-08-02,1736.22,1752.98,1753.81,1715.71
2022-08-03,1719.24,1739.88,1754.93,1718.14
2022-08-04,1707.71,1720.06,1723.38,1686.07
2022-08-05,1692.07,1706.55,1712.38,1664.13
2022-08-08,1736.02,1682.27,1738.34,1678.66
2022-08-09,1786.8,1737.59,1794.25,1733.86
2022-08-10,1769.83,1782.98,1802.37,1761.08
2022-08-11,1781.99,1782.79,1787.9,1764.37
2022-08-12,1825.38,1787.84,1831.89,1787.84
2022-08-15,1852.04,1821.23,1868.41,1820.91
2022-08-16,1853.47,1844.2,1862.75,1827.62
2022-08-17,1853.78,1857.04,1873.44,1844.26
2022-08-18,1835.93,1851.48,1869.2,1829.88
2022-08-19,1878.28,1846.14,1892.06,1840.63
2022-08-22,1911.41,1884.8,1915.44,1882.84
2022-08-23,1965.93,1911.1,1980.2,1899.96
2022-08-24,1953.81,1977.72,1991.95,1941.59
2022-08-25,2053.21,1962.7,2055.63,1959.84
2022-08-26,2006.89,2039.24,2043.68,1997.73
2022-08-29,2042.42,1989.51,2044.97,1964.03
2022-08-30,1959.82,2035.0,2035.0,1942.57
2022-08-31,1914.89,1948.55,1960.88,1909.87
2022-09-01,1955.79,1917.85,1994.74,1907.26
2022-09-02,1945.89,1952.01,1964.24,1928.64
2022-09-05,2048.79,1972.87,2056.47,1965.79
2022-09-06,2083.52,2053.45,2095.79,2036.7
2022-09-07,2083.65,2061.28,2099.14,2055.36
2022-09-08,2050.85,2053.64,2069.98,2020.99
2022-09-09,2065.82,2060.59,2078.42,2029.36
2022-09-13,2037.81,2072.38,2076.89,2021.9
2022-09-14,2022.41,2007.83,2050.15,2006.93
2022-09-15,2012.77,2046.04,2074.2,1981.95
2022-09-16,1925.96,1991.64,2014.34,1924.59
2022-09-19,1935.07,1917.67,1955.77,1915.19
2022-09-20,1940.56,1945.73,1966.58,1921.89
2022-09-21,1971.03,1934.42,1974.03,1931.14
2022-09-22,2024.35,1955.3,2028.9,1955.3
2022-09-23,1987.95,2012.7,2037.97,1985.95
2022-09-26,1916.36,1954.76,1979.7,1912.91
2022-09-27,1907.27,1925.52,1931.5,1855.04
2022-09-28,1895.92,1919.47,1936.21,1893.08
2022-09-29,1924.47,1924.08,1956.55,1907.48
2022-09-30,1927.32,1916.96,1948.06,1911.56
2022-10-10,1960.85,1965.18,2000.39,1949.82
2022-10-11,1952.34,1958.45,1973.25,1922.66
2022-10-12,1963.22,1938.58,1963.66,1915.65
2022-10-13,1893.75,1947.8,1950.22,1881.44
2022-10-14,1913.78,1908.28,1927.04,1894.56
2022-10-17,1894.01,1893.5,1898.74,1834.13
2022-10-18,1891.19,1892.34,1916.31,1877.91
2022-10-19,1880.45,1878.28,1914.38,1868.61
2022-10-20,1857.75,1873.58,1880.53,1849.27
2022-10-21,1871.19,1852.25,1891.56,1852.23
2022-10-24,1840.11,1874.84,1886.75,1829.88
2022-10-25,1820.31,1837.89,1841.73,1798.85
2022-10-26,1794.66,1819.21,1828.96,1781.87
2022-10-27,1807.97,1800.69,1832.78,1800.29
2022-10-28,1800.31,1802.53,1839.61,1788.48
2022-10-31,1729.81,1789.97,1807.48,1724.07
2022-11-01,1738.79,1728.18,1747.58,1694.47
2022-11-02,1769.04,1730.99,1774.78,1725.27
2022-11-03,1764.02,1755.37,1781.54,1744.23
2022-11-04,1818.16,1758.6,1832.86,1758.6
2022-11-07,1853.53,1821.08,1866.85,1819.69
2022-11-08,1842.5,1860.53,1875.02,1833.69
2022-11-09,1812.47,1837.65,1845.74,1809.48
2022-11-10,1803.23,1793.75,1810.86,1762.37
2022-11-11,1836.67,1830.1,1844.47,1804.31
2022-11-14,1788.53,1840.72,1864.47,1781.11
2022-11-15,1799.09,1778.85,1799.42,1768.78
2022-11-16,1810.95,1800.21,1821.62,1799.34
2022-11-17,1760.52,1801.43,1801.43,1747.54
2022-11-18,1748.44,1756.65,1766.18,1741.45
2022-11-21,1739.97,1732.91,1740.78,1720.96
2022-11-22,1759.23,1739.6,1776.61,1739.39
2022-11-23,1780.74,1764.51,1791.25,1764.21
2022-11-24,1793.05,1776.36,1805.92,1768.02
2022-11-25,1830.37,1789.55,1834.35,1783.49
2022-11-28,1801.52,1801.69,1817.04,1787.38
2022-11-29,1825.54,1808.8,1827.81,1797.17
2022-11-30,1846.7,1824.45,1862.9,1822.19
2022-12-01,1824.99,1861.24,1866.3,1823.24
2022-12-02,1812.12,1822.39,1829.31,1805.06
2022-12-05,1842.02,1822.68,1849.4,1818.0
2022-12-06,1841.05,1833.89,1848.57,1813.52
2022-12-07,1808.88,1835.88,1843.61,1803.57
2022-12-08,1800.35,1807.46,1813.86,1795.28
2022-12-09,1799.74,1800.47,1805.18,1788.44
2022-12-12,1756.62,1796.31,1810.12,1753.97
2022-12-13,1765.84,1761.81,1779.19,1758.15
2022-12-14,1778.53,1768.21,1783.63,1760.78
2022-12-15,1754.08,1778.04,1778.51,1746.7
2022-12-16,1760.78,1747.05,1772.47,1746.53
2022-12-19,1716.05,1753.85,1755.84,1708.04
2022-12-20,1712.87,1712.88,1728.08,1701.83
2022-12-21,1705.28,1714.7,1716.75,1699.17
2022-12-22,1677.89,1716.19,1720.38,1675.17
2022-12-23,1674.93,1672.79,1680.73,1659.96
2022-12-26,1683.71,1676.53,1685.18,1668.1
2022-12-27,1712.92,1690.46,1716.43,1690.46
2022-12-28,1708.67,1705.46,1718.87,1697.48
2022-12-29,1672.55,1701.12,1701.12,1669.1
2022-12-30,1678.85,1678.19,1687.06,1675.93
2023-01-03,1695.79,1676.73,1698.22,1670.23
2023-01-04,1672.15,1691.34,1691.34,1664.01
2023-01-05,1674.06,1671.4,1677.45,1662.57
2023-01-06,1689.44,1673.25,1691.1,1671.23
2023-01-09,1699.95,1697.02,1704.21,1680.93
2023-01-10,1686.65,1696.71,1699.87,1678.9
2023-01-11,1746.62,1692.1,1755.48,1688.23
2023-01-12,1751.94,1743.25,1757.66,1729.14
2023-01-13,1754.17,1752.24,1772.92,1741.81
2023-01-16,1753.63,1754.93,1761.88,1740.57
2023-01-17,1745.62,1751.98,1755.27,1733.75
2023-01-18,1757.17,1747.21,1770.74,1747.09
2023-01-19,1766.21,1768.79,1781.01,1752.22
2023-01-20,1795.68,1774.34,1797.63,1771.79
2023-01-30,1766.56,1803.58,1804.66,1764.42
2023-01-31,1775.15,1766.12,1780.81,1764.63
2023-02-01,1777.83,1776.47,1778.74,1761.57
2023-02-02,1788.85,1775.33,1795.17,1764.6
2023-02-03,1769.88,1781.53,1781.53,1757.95
2023-02-06,1765.2,1758.79,1769.63,1755.62
2023-02-07,1772.06,1767.91,1786.18,1766.43
2023-02-08,1760.74,1777.9,1781.86,1758.92
2023-02-09,1766.74,1758.2,1769.95,1756.08
2023-02-10,1746.46,1764.49,1764.69,1742.15
2023-02-13,1745.08,1745.98,1746.49,1724.17
2023-02-14,1750.22,1748.34,1757.47,1738.83
2023-02-15,1734.23,1749.68,1753.86,1730.91
2023-02-16,1715.05,1737.4,1747.81,1707.79
2023-02-17,1735.09,1714.76,1747.4,1714.76
2023-02-20,1775.69,1742.02,1776.7,1742.02
2023-02-21,1808.28,1782.32,1816.23,1774.23
2023-02-22,1807.45,1802.87,1821.39,1794.81
2023-02-23,1820.57,1839.91,1851.8,1816.98
2023-02-24,1814.85,1819.21,1826.76,1800.38
2023-02-27,1823.9,1817.05,1846.07,1816.72
2023-02-28,1818.91,1822.39,1824.25,1806.7
2023-03-01,1824.91,1818.99,1831.71,1812.84
2023-03-02,1834.61,1824.54,1848.93,1819.76
2023-03-03,1851.03,1835.5,1854.42,1826.41
2023-03-06,1826.58,1852.57,1858.09,1819.47
2023-03-07,1855.12,1831.34,1901.04,1831.34
2023-03-08,1838.97,1842.64,1843.99,1823.87
2023-03-09,1837.52,1837.94,1867.45,1831.04
2023-03-10,1797.62,1831.34,1834.2,1796.55
2023-03-13,1842.53,1799.15,1842.53,1799.15
2023-03-14,1813.6,1835.67,1853.44,1808.15
2023-03-15,1821.59,1818.21,1829.84,1802.55
2023-03-16,1760.73,1795.79,1796.58,1759.57
2023-03-17,1797.76,1770.72,1817.58,1769.99
2023-03-20,1785.72,1799.45,1827.27,1781.81
2023-03-21,1773.51,1793.49,1796.1,1760.95
2023-03-22,1790.14,1780.54,1804.04,1778.09
2023-03-23,1806.73,1787.83,1806.93,1780.35
2023-03-24,1780.16,1803.63,1803.63,1772.05
2023-03-27,1774.79,1767.83,1781.69,1742.11
2023-03-28,1782.57,1787.83,1798.1,1779.77
2023-03-29,1764.71,1789.18,1789.18,1762.45
2023-03-30,1824.31,1769.45,1825.31,1764.66
2023-03-31,1819.46,1821.81,1830.74,1813.88
2023-04-03,1828.33,1837.87,1861.52,1826.41
2023-04-04,1848.41,1830.93,1857.94,1824.2
2023-04-06,1830.64,1843.94,1843.94,1825.22
2023-04-07,1814.73,1830.03,1830.03,1807.6
2023-04-10,1819.55,1812.32,1824.51,1804.25
2023-04-11,1821.5,1817.49,1822.51,1797.92
2023-04-12,1847.49,1824.99,1855.7,1824.93
2023-04-13,1850.16,1849.8,1875.09,1845.51
2023-04-14,1858.61,1852.42,1864.87,1837.05
2023-04-17,1924.78,1857.76,1928.48,1854.68
2023-04-18,1940.11,1919.96,1940.3,1913.67
2023-04-19,1929.72,1933.69,1949.46,1926.02
2023-04-20,1928.08,1920.87,1932.08,1894.2
2023-04-21,1899.98,1921.57,1941.35,1899.1
2023-04-24,1885.48,1904.35,1916.46,1879.54
2023-04-25,1895.31,1890.16,1913.99,1874.23
2023-04-26,1899.24,1885.78,1904.37,1873.07
2023-04-27,1899.26,1897.92,1906.77,1869.06
2023-04-28,1935.49,1895.32,1936.41,1893.56
2023-05-04,1936.46,1901.42,1944.52,1871.07
2023-05-05,1921.0,1929.54,1944.67,1900.7
2023-05-08,2007.26,1925.38,2018.03,1925.38
2023-05-09,1985.72,2012.81,2037.7,1984.53
2023-05-10,1937.73,1984.64,1986.86,1925.37
2023-05-11,1930.64,1934.55,1943.63,1914.54
2023-05-12,1905.96,1929.11,1944.32,1904.17
2023-05-15,1923.34,1897.96,1925.18,1883.04
2023-05-16,1926.14,1925.49,1959.54,1919.0
2023-05-17,1916.26,1918.88,1925.79,1896.74
2023-05-18,1933.08,1921.84,1950.39,1921.41
2023-05-19,1910.75,1925.64,1932.77,1908.07
2023-05-22,1895.21,1903.78,1915.65,1887.9
2023-05-23,1873.52,1898.36,1908.79,1873.52
2023-05-24,1844.01,1870.4,1871.07,1843.46
2023-05-25,1823.86,1836.68,1844.07,1801.91
2023-05-26,1790.08,1813.15,1813.59,1778.58
2023-05-29,1811.79,1792.63,1822.21,1784.17
2023-05-30,1804.99,1804.23,1823.45,1787.36
2023-05-31,1754.24,1788.95,1789.01,1748.55
2023-06-01,1760.16,1751.83,1779.44,1749.01
2023-06-02,1778.1,1767.52,1780.35,1767.52
2023-06-05,1788.51,1783.31,1797.86,1781.36
2023-06-06,1791.97,1786.93,1817.28,1779.56
2023-06-07,1785.51,1789.29,1796.43,1771.08
2023-06-08,1796.02,1776.0,1798.33,1769.93
2023-06-09,1798.17,1792.39,1801.69,1784.03
2023-06-12,1794.2,1792.21,1810.61,1785.5
2023-06-13,1773.8,1787.5,1788.6,1756.19
2023-06-14,1776.36,1782.38,1793.15,1773.17
2023-06-15,1780.53,1774.35,1781.9,1759.28
2023-06-16,1781.97,1782.11,1802.13,1778.75
2023-06-19,1770.62,1782.46,1784.21,1770.01
2023-06-20,1748.83,1773.64,1773.64,1746.58
2023-06-21,1740.72,1737.76,1760.82,1735.78
2023-06-26,1723.65,1730.72,1737.54,1719.79
2023-06-27,1755.93,1726.41,1765.82,1714.89
2023-06-28,1773.51,1750.65,1774.48,1747.24
2023-06-29,1748.05,1764.31,1767.14,1747.7
2023-06-30,1773.43,1748.87,1781.4,1747.24
2023-07-03,1818.02,1776.47,1820.88,1776.47
2023-07-04,1820.34,1815.72,1836.44,1811.37
2023-07-05,1806.55,1800.97,1812.01,1791.6
2023-07-06,1805.16,1806.86,1812.78,1794.05
2023-07-07,1815.09,1801.39,1824.11,1798.74
2023-07-10,1809.37,1825.84,1830.43,1803.44
2023-07-11,1800.31,1816.43,1816.43,1792.96
2023-07-12,1786.34,1786.24,1794.62,1778.18
2023-07-13,1815.01,1788.76,1816.37,1787.71
2023-07-14,1817.42,1813.11,1823.03,1806.84
2023-07-17,1776.61,1793.27,1793.27,1763.75
2023-07-18,1765.29,1780.0,1780.09,1764.06
2023-07-19,1774.32,1765.95,1786.42,1765.51
2023-07-20,1762.1,1777.33,1791.25,1759.56
2023-07-21,1751.5,1761.42,1765.97,1747.09
2023-07-24,1740.8,1744.04,1752.33,1733.65
2023-07-25,1772.34,1760.42,1779.42,1760.32
2023-07-26,1762.14,1771.17,1779.77,1754.84
2023-07-27,1753.13,1762.73,1771.28,1747.71
2023-07-28,1769.33,1748.22,1770.29,1739.3
2023-07-31,1761.39,1770.99,1793.37,1756.17
2023-08-01,1776.48,1764.28,1776.48,1763.18
2023-08-02,1734.19,1777.98,1777.98,1728.73
2023-08-03,1730.32,1727.69,1737.47,1718.25
2023-08-04,1729.17,1737.76,1753.47,1727.57
2023-08-07,1729.94,1727.68,1736.11,1721.37
2023-08-08,1738.7,1727.52,1744.76,1722.8
2023-08-09,1730.08,1737.12,1737.12,1725.6
2023-08-10,1766.73,1735.06,1771.14,1734.77
2023-08-11,1727.58,1761.62,1768.28,1727.08
2023-08-14,1725.48,1716.77,1729.23,1708.4
2023-08-15,1729.42,1726.48,1736.24,1716.37
2023-08-16,1711.6,1722.78,1725.68,1710.21
2023-08-17,1714.12,1705.5,1716.71,1689.61
2023-08-18,1705.63,1709.8,1725.62,1705.63
2023-08-21,1683.41,1706.22,1706.73,1683.41
2023-08-22,1711.23,1685.97,1715.94,1683.06
2023-08-23,1727.08,1711.56,1744.6,1710.21
2023-08-24,1713.15,1726.81,1735.37,1713.15
2023-08-25,1709.6,1709.97,1723.98,1703.56
2023-08-28,1748.58,1778.43,1779.33,1743.06
2023-08-29,1742.27,1747.29,1752.66,1739.13
2023-08-30,1735.42,1746.85,1753.87,1734.3
2023-08-31,1730.25,1738.33,1744.81,1724.98
2023-09-01,1775.26,1734.37,1777.16,1733.4
2023-09-04,1828.85,1789.86,1832.64,1789.86
2023-09-05,1833.34,1824.46,1841.47,1814.99
2023-09-06,1840.52,1835.86,1845.75,1817.88
2023-09-07,1846.79,1838.32,1865.31,1836.6
2023-09-08,1820.6,1838.07,1839.44,1817.48
2023-09-11,1832.25,1824.94,1854.09,1824.94
2023-09-12,1826.51,1834.34,1845.83,1822.96
2023-09-13,1847.88,1834.99,1862.4,1833.03
2023-09-14,1892.68,1848.66,1898.49,1846.27
2023-09-15,1876.5,1897.76,1907.54,1871.38
2023-09-18,1875.65,1878.86,1885.15,1853.75
2023-09-19,1895.9,1880.07,1906.04,1878.66
2023-09-20,1886.53,1889.04,1899.71,1875.79
2023-09-21,1873.65,1881.08,1895.06,1870.14
2023-09-22,1876.79,1878.23,1881.56,1858.42
2023-09-25,1869.92,1881.6,1897.37,1868.04
2023-09-26,1859.25,1867.21,1874.77,1857.88
2023-09-27,1854.05,1863.81,1867.8,1852.67
2023-09-28,1863.5,1880.14,1881.33,1859.85
2023-10-09,1871.68,1845.0,1877.22,1829.28
2023-10-10,1838.93,1870.59,1873.18,1836.84
2023-10-11,1815.06,1841.51,1842.6,1808.02
2023-10-12,1814.82,1817.43,1823.89,1811.66
2023-10-13,1823.48,1806.69,1827.43,1798.54
2023-10-16,1855.2,1836.56,1857.14,1834.39
2023-10-17,1869.2,1847.66,1869.32,1836.06
2023-10-18,1858.67,1865.76,1877.5,1854.81
2023-10-19,1819.85,1853.61,1853.77,1819.49
2023-10-20,1809.68,1822.94,1825.38,1807.51
2023-10-23,1788.37,1801.71,1814.8,1776.46
2023-10-24,1804.45,1787.86,1808.25,1785.05
2023-10-25,1795.16,1818.69,1825.37,1791.87
2023-10-26,1794.74,1791.44,1802.92,1770.85
2023-10-27,1786.46,1782.74,1805.96,1781.3
2023-10-30,1751.27,1782.69,1790.47,1749.85
2023-10-31,1766.85,1746.86,1772.24,1744.78
2023-11-01,1763.26,1765.86,1768.18,1749.54
2023-11-02,1768.98,1766.33,1779.52,1764.55
2023-11-03,1770.89,1777.33,1789.93,1767.52
2023-11-06,1730.14,1770.42,1772.85,1724.93
2023-11-07,1741.64,1724.9,1745.16,1719.55
2023-11-08,1730.14,1728.18,1734.33,1719.74
2023-11-09,1767.08,1728.89,1773.31,1727.98
2023-11-10,1780.89,1764.53,1785.09,1753.4
2023-11-13,1790.81,1785.38,1792.0,1765.82
2023-11-14,1775.43,1788.18,1794.45,1769.68
2023-11-15,1789.86,1783.91,1791.56,1775.68
2023-11-16,1788.56,1783.05,1795.6,1778.65
2023-11-17,1779.71,1781.38,1784.75,1766.82
2023-11-20,1782.34,1781.58,1785.23,1771.57
2023-11-21,1786.09,1785.67,1807.46,1784.37
2023-11-22,1782.44,1783.09,1796.08,1776.53
2023-11-23,1797.87,1778.99,1800.2,1775.48
2023-11-24,1811.36,1795.89,1822.16,1795.89
2023-11-27,1822.83,1816.85,1825.15,1812.16
2023-11-28,1817.79,1820.53,1821.75,1804.66
2023-11-29,1827.86,1821.43,1834.15,1818.32
2023-11-30,1837.76,1827.2,1839.71,1823.87
2023-12-01,1844.65,1836.67,1847.81,1833.99
2023-12-04,1860.84,1843.71,1866.34,1843.17
2023-12-05,1825.3,1857.94,1860.21,1822.56
2023-12-06,1815.86,1823.17,1824.33,1799.9
2023-12-07,1804.3,1810.37,1812.0,1799.8
2023-12-08,1807.45,1799.94,1824.82,1790.9
2023-12-11,1829.02,1805.06,1832.58,1777.32
2023-12-12,1837.98,1825.47,1838.58,1812.51
2023-12-13,1811.13,1829.51,1831.73,1810.43
2023-12-14,1811.3,1818.17,1823.13,1801.96
2023-12-15,1799.58,1815.37,1822.26,1799.2
2023-12-18,1806.4,1795.23,1816.41,1785.81
2023-12-19,1803.86,1810.61,1811.53,1792.19
2023-12-20,1810.42,1806.23,1832.77,1806.23
2023-12-21,1809.72,1807.06,1817.7,1795.52
2023-12-22,1834.13,1813.01,1846.8,1811.86
2023-12-25,1851.94,1832.07,1854.88,1822.28
2023-12-26,1836.71,1855.95,1879.16,1834.42
2023-12-27,1865.69,1840.95,1872.58,1839.75
2023-12-28,1843.52,1866.77,1874.96,1831.09
2023-12-29,1857.64,1836.68,1861.42,1835.92
2024-01-02,1902.49,1856.62,1909.57,1856.62
2024-01-03,1925.38,1898.04,1925.79,1894.7
2024-01-04,1947.21,1929.55,1953.99,1929.23
2024-01-05,1941.52,1943.71,1966.05,1933.0
2024-01-08,1933.77,1939.4,1943.24,1924.46
2024-01-09,1948.92,1923.34,1955.5,1913.91
2024-01-10,1930.9,1948.71,1963.54,1928.85
2024-01-11,1898.59,1926.87,1926.87,1893.06
2024-01-12,1908.8,1899.36,1917.3,1897.41
2024-01-15,1926.46,1902.05,1927.54,1902.05
2024-01-16,1927.28,1922.44,1933.73,1910.28
2024-01-17,1901.6,1923.29,1934.74,1901.6
2024-01-18,1893.5,1898.37,1900.88,1835.32
2024-01-19,1869.62,1887.18,1890.14,1860.58
2024-01-22,1829.42,1867.2,1870.61,1818.5
